         0    423000    425e40         0         1
         7    42e01c    42e028         0         1
         8    423020    4230a8         0         1
        11    40082c    4007f8         0         1
        14    400838    400200         0         1
        23    42305c    4230a8         0         1
        27    40086c    400838         0         1
        28    400870    400200         0         1
        30    423078    423088         0         1
        35    40088c    400200         0         1
        41    4230a4    420358         0         1
        42    4008a8    400200         0         1
        48    4230c0    42b900         0         1
        49    4008c4    400200         0         1
        56    4008e0    400200         0         1
        57    4230e4    42bc70         1         1
        61    4230f4    4230fc         0         1
        63    4008fc    400200         0         1
        66    423108    422fec         0         1
        67    42b90c    42b918         0         1
        70    400918    400200         0         1
        71    42b91c    4230c4         1         1
        77    400934    400200         0         1
        84    400950    400200         0         1
        91    40096c    400200         0         1
        98    400988    400200         0         1
       105    4009a4    400200         0         1
       110    42e1b8    42bc88         0         1
       112    4009c0    400200         0         1
       113    4001c4    4202b0         1         1
       119    4009dc    400200         0         1
       126    4009f8    400200         0         1
       128    400200    400420         0         1
       133    400a14    400200         0         1
       140    400a30    400200         0         1
       147    400a4c    400200         0         1
       153    42c264    42c274         0         1
       154    400a68    400200         0         1
       158    42c278    425f78         0         1
       161    400a84    400200         0         1
       168    400aa0    400200         0         1
       171    400aac    400200         0         1
       174    400ab8    400200         0         1
       179    400acc    400200         0         1
       183    4202dc    42ac30         0         1
       187    4202ec    42ac30         0         1
       188    400af0    400ac8         0         1
       189    400af4    400200         0         1
       191    4202fc    42ac30         0         1
       192    400b00    400200         0         1
       193    420304    420318         1         1
       194    42b308    42e010         0         1
       195    400b0c    400200         0         1
       198    400b18    400200         0         1
       201    400b24    400200         0         1
       204    420330    420340         0         1
       207    400b3c    400200         0         1
       209    42e344    42e1b0         0         1
       211    42034c    42ac30         0         1
       213    42b354    42dfe0         0         1
       215    42035c    400204         0         1
       216    400b60    400b38         0         1
       217    400b64    400200         0         1
       220    400b70    400200         0         1
       226    400b88    400200         0         1
       229    42b394    42b388         0         1
       235    400bac    400b84         0         1
       239    400bbc    400200         0         1
       248    400be0    400bb8         0         1
       249    42b3e4    42b3f4         1         1
       251    400bec    400200         0         1
       255    42b3fc    42b3dc         0         1
       263    40041c    400200         0         1
       264    400c20    400bec         0         1
       266    42b428    42b474         0         1
       267    400c2c    400200         0         1
       272    42b440    42b44c         0         1
       274    42ac48    42ac5c         0         1
       276    400450    40041c         0         1
       279    40045c    400200         0         1
       280    400c60    400c2c         0         1
       283    400c6c    400200         0         1
       284    42b470    425ed4         3         1
       289    42bc84    42e330         0         1
       292    400490    40045c         0         1
       293    42bc94    42bc9c         1         1
       295    40049c    400200         0         1
       296    400ca0    400c6c         0         1
       297    42aca4    42dba0         1         1
       298    42bca8    4230e8         0         1
       299    400cac    400200         0         1
       302    42acb8    42acc8         0         1
       308    4004d0    40049c         0         1
       309    4004d4    400200         0         1
       312    400ce0    400cac         0         1
       315    400cec    400200         0         1
       316    4004f0    400200         3         1
       323    40050c    400200         0         1
       325    42ad14    42dba0         0         1
       327    42ad1c    42ad2c         0         1
       328    400d20    400cec         0         1
       331    400d2c    400200         0         1
       334    42ad38    420300         0         1
       335    42ad3c    4202e0         2         1
       336    400540    40050c         0         1
       337    42b544    42b42c         1         1
       339    40054c    400200         0         1
       344    400d60    400d2c         0         1
       347    400d6c    400200         0         1
       352    400580    40054c         0         1
       355    40058c    400200         0         1
       360    400da0    400d6c         0         1
       363    400dac    400200         0         1
       368    4005c0    40058c         0         1
       371    4005cc    400200         0         1
       376    400de0    400dac         0         1
       384    400600    4005cc         0         1
       385    400604    400200         0         1
       393    400624    400200         0         1
       406    400658    400624         0         1
       407    425e5c    425ea4         1         1
       409    400664    400200         0         1
       411    425e6c    425e7c         0         1
       418    425e88    425e90         0         1
       422    400698    400664         0         1
       423    40069c    400200         0         1
       424    425ea0    425e60         1         1
       427    425eac    425f88         0         1
       430    4006b8    400200         0         1
       433    4006c4    400200         0         1
       436    4006d0    400200         0         1
       439    4006dc    400200         0         1
       443    4006ec    400200         0         1
       454    425f18    425f30         0         1
       456    400720    4006ec         0         1
       459    40072c    400200         0         1
       472    400760    40072c         0         1
       473    400764    400200         0         1
       477    425f74    42c1d0         0         1
       480    400780    400200         0         1
       487    40079c    400200         0         1
       493    425fb4    42c1d0         0         1
       494    4007b8    400200         0         1
       498    422fc8    425e40         0         1
       503    425fdc    422fcc         0         1
       506    422fe8    4230a8         0         1
       507    4007ec    4007b8         0         1
       510    4007f8    400200         0         1
****************************************************************************
Percent Hit: 92.46 
Percent Miss: 7.54 
Percent Right: 68.13 
Percent Wrong: 31.87