    ENTRY#        PC    TARGET      PRED      BUSY
         0    422000    420ca0         0         1
         1    402004    400200         0         1
         2    408008    408028         0         1
         4    404010    40400c         1         1
         5    40a014    416dd0         0         1
         7    40601c    405f80         0         1
         8    402020    400200         0         1
         9    417024    416ff4         1         1
        11    41302c    428c50         0         1
        12    419030    41903c         0         1
        13    403034    403000         1         1
        14    401038    401004         1         1
        15    40203c    400200         0         1
        16    403040    400200         0         1
        17    405044    416dd0         0         1
        19    41904c    419064         0         1
        22    404058    4206c0         0         1
        23    42305c    4230a8         0         1
        26    419068    419080         0         1
        27    40406c    421c10         0         1
        28    402070    40203c         1         1
        29    404074    422260         0         1
        30    401078    401044         1         1
        31    40207c    400200         0         1
        32    405080    416dd0         0         1
        33    401084    400200         0         1
        35    40808c    4080a0         0         1
        36    417090    417208         0         1
        41    4070a4    407120         0         1
        44    4020b0    40207c         1         1
        45    4030b4    403080         1         1
        46    4010b8    401084         1         1
        47    4050bc    405104         0         1
        48    4230c0    42b900         0         1
        49    4010c4    400200         0         1
        52    4040d0    421c10         0         1
        54    4190d8    419110         0         1
        55    4150dc    4150ec         0         1
        59    42b0ec    42b0fc         0         1
        60    4040f0    421c10         0         1
        61    4230f4    4230fc         0         1
        62    40a0f8    40a108         0         1
        64    404100    4040c4         1         1
        65    401104    400200         0         1
        66    423108    422fec         0         1
        67    42210c    421c00         0         1
        70    404118    4206c0         0         1
        72    402120    4020ec         1         1
        73    408124    418710         0         1
        74    42b128    42b138         0         1
        75    41912c    419168         0         1
        76    42b130    42dd80         0         1
        77    405134    416dd0         0         1
        78    407138    406f3c         1         1
        79    40113c    400200         0         1
        80    407140    4093b4         0         1
        83    40614c    416dd0         0         1
        86    401158    400200         0         1
        88    413160    4132ec         0         1
        89    422164    422170         0         1
        90    407168    4002d0         0         1
        91    40216c    400200         0         1
        93    422174    421c78         0         1
        95    42217c    421c78         0         1
        96    421180    4211cc         3         1
        97    405184    40518c         0         1
        98    406188    40619c         0         1
        99    42218c    421c78         0         1
       100    405190    4052a4         3         1
       101    422194    421c78         0         1
       102    404198    421c10         0         1
       103    42219c    421c78         0         1
       104    4191a0    419990         0         1
       105    4201a4    41f950         0         1
       107    4021ac    400200         0         1
       108    4041b0    422260         0         1
       109    4261b4    426b50         0         1
       110    42e1b8    42bc88         0         1
       113    4221c4    4221ec         1         1
       114    4051c8    4051ec         0         1
       116    4081d0    4081b8         3         1
       118    4031d8    400200         0         1
       119    4151dc    4151ec         0         1
       121    42b1e4    420a5c         0         1
       123    4221ec    4221c0         0         1
       128    400200    400420         0         1
       129    408204    408308         0         1
       130    405208    405224         0         1
       131    40320c    4031d8         1         1
       132    401210    400200         0         1
       133    420214    42022c         0         1
       134    42b218    42b228         0         1
       136    400220    4206c0         0         1
       137    419224    41923c         0         1
       138    421228    4219b4         0         1
       139    40222c    400200         0         1
       140    420230    420240         0         1
       141    421234    4221a8         0         1
       144    421240    42124c         0         1
       145    406244    428c50         0         1
       147    40a24c    40a134         1         1
       148    405250    40525c         0         1
       149    401254    400200         0         1
       150    422258    421238         0         1
       151    42025c    420270         2         1
       152    402260    40222c         1         1
       153    42c264    42c274         0         1
       154    400268    421c10         0         1
       155    40526c    4052a4         0         1
       156    417270    417334         0         1
       158    400278    403510         0         1
       159    40427c    4206c0         0         1
       161    406284    406298         0         1
       162    401288    400200         0         1
       163    40028c    422434         0         1
       164    422290    4222ec         0         1
       165    406294    406230         0         1
       166    404298    422260         0         1
       168    4002a0    4225dc         0         1
       169    4042a4    4206c0         0         1
       170    4002a8    422434         0         1
       171    4202ac    41f98c         0         1
       172    4002b0    405ab8         0         1
       173    4062b4    406370         0         1
       174    4012b8    400200         0         1
       175    4002bc    4225dc         0         1
       176    42b2c0    42b2d0         0         1
       177    4002c4    422434         0         1
       179    4002cc    406cf0         0         1
       182    4002d8    4225dc         0         1
       183    4052dc    4052ec         0         1
       184    42b2e0    4209d0         0         1
       187    4042ec    421c10         0         1
       188    4222f0    400274         0         1
       190    4052f8    405318         0         1
       191    4042fc    421c10         0         1
       192    40a300    40a374         3         1
       194    422308    425e4c         0         1
       195    40330c    4032d8         1         1
       197    422314    422358         0         1
       198    400318    404d1c         0         1
       200    404320    4206c0         0         1
       201    42b324    42dfe0         0         1
       202    421328    421134         3         1
       203    40232c    400200         0         1
       204    421330    421440         3         1
       205    404334    421c10         0         1
       207    40433c    422260         0         1
       208    421340    4213c0         3         1
       209    418344    4064c0         0         1
       210    404348    4206c0         0         1
       211    40534c    40550c         2         1
       212    401350    400200         0         1
       213    42b354    42dfe0         0         1
       214    421358    421214         0         1
       215    40335c    400200         0         1
       216    402360    40232c         1         1
       217    422364    4223d0         0         1
       219    40236c    400200         0         1
       223    40a37c    40a2ac         1         1
       224    403380    403358         1         1
       225    403384    400200         0         1
       228    404390    421c10         0         1
       229    42b394    42b388         1         1
       232    4093a0    406f1c         0         1
       234    42b3a8    42b3c0         0         1
       235    4043ac    404384         1         1
       236    4093b0    416e3c         0         1
       237    4043b4    422260         0         1
       239    42b3bc    42b3cc         0         1
       240    4183c0    406ffc         0         1
       241    4013c4    401390         1         1
       242    4173c8    417434         0         1
       243    40a3cc    407144         0         1
       244    4213d0    421408         0         1
       245    4053d4    414910         0         1
       246    4033d8    400200         0         1
       247    4053dc    4053ec         0         1
       249    42b3e4    42b3f4         0         1
       251    4083ec    419990         0         1
       253    4293f4    41f9e0         0         1
       255    4093fc    409410         0         1
       257    401404    4013d0         1         1
       258    401408    400200         0         1
       259    40740c    407440         0         1
       260    421410    421134         3         1
       262    404418    404400         1         1
       263    40541c    405438         0         1
       264    409420    409438         0         1
       265    404424    422260         0         1
       266    408428    419990         0         1
       267    40342c    400200         0         1
       268    422430    4206ec         0         1
       269    405434    40598c         0         1
       271    41743c    4173b0         3         1
       272    422440    422260         0         1
       273    406444    416f50         0         1
       274    417448    417390         1         1
       276    422450    400290         0         1
       279    40145c    401428         1         1
       280    402460    40242c         1         1
       281    404464    404478         0         1
       282    421468    421134         0         1
       284    417470    417478         0         1
       287    40347c    403448         1         1
       288    403480    400200         0         1
       289    424484    4244a8         0         1
       291    42148c    421138         0         1
       292    422490    42249c         0         1
       294    403498    400200         0         1
       295    41949c    407f84         0         1
       296    42b4a0    42b4e0         0         1
       297    4224a4    4222f4         0         1
       298    4014a8    400200         0         1
       299    4224ac    4224b8         0         1
       300    42b4b0    42b4b8         0         1
       302    4264b8    4265b8         0         1
       303    4064bc    4176d0         0         1
       304    4174c0    4174f8         0         1
       305    4074c4    4074ec         3         1
       306    4064c8    4176d0         0         1
       308    4004d0    40049c         1         1
       309    4034d4    400200         0         1
       310    4244d8    420ba4         0         1
       311    4054dc    4054ec         0         1
       315    4074ec    407520         0         1
       316    4064f0    40677c         0         1
       318    4034f8    4034d0         1         1
       319    4224fc    420ce0         0         1
       320    403500    400218         0         1
       321    422504    422550         0         1
       322    405508    40598c         0         1
       323    40050c    400200         0         1
       324    417510    417614         0         1
       325    421514    420fe8         0         1
       327    42451c    424530         0         1
       328    42b520    42b538         0         1
       330    404528    4044d4         1         1
       331    40252c    4024f8         1         1
       333    42b534    42b524         1         1
       334    404538    4206c0         0         1
       335    42453c    424554         0         1
       336    400540    40050c         1         1
       337    42b544    42b42c         0         1
       338    407548    407564         3         1
       339    42454c    424564         0         1
       341    405554    4056fc         0         1
       342    421558    420f4c         0         1
       343    40155c    401528         1         1
       344    407560    407594         0         1
       346    401568    400200         0         1
       347    40356c    421c10         0         1
       350    424578    4245b4         0         1
       352    403580    422260         0         1
       353    421584    421af4         0         1
       354    409588    4094c0         1         1
       355    40358c    4206c0         0         1
       356    407590    4075d4         0         1
       359    41959c    4195a8         3         1
       360    4095a0    409620         0         1
       361    4225a4    422110         0         1
       362    4015a8    400200         0         1
       363    4025ac    402578         1         1
       364    4245b0    424588         0         1
       365    4215b4    421968         3         1
       366    4225b8    4225c8         0         1
       368    4265c0    426b38         0         1
       370    4265c8    4265ec         0         1
       371    4195cc    419814         0         1
       372    4215d0    4218f8         0         1
       374    4225d8    4225ec         0         1
       375    4155dc    4155ec         0         1
       379    4025ec    4025b8         1         1
       380    4265f0    421d40         0         1
       382    4025f8    400200         0         1
       384    424600    424640         0         1
       385    403604    421c10         0         1
       389    408614    408620         0         1
       391    40861c    408364         0         1
       392    422620    422680         0         1
       393    400624    400200         0         1
       394    403628    421c10         0         1
       395    40262c    4025f8         1         1
       396    424630    424640         2         1
       397    403634    40361c         1         1
       398    402638    400200         0         1
       399    42463c    424610         0         1
       400    419640    419670         0         1
       401    424644    42466c         2         1
       402    403648    4206c0         0         1
       403    40764c    40774c         0         1
       404    409650    40966c         0         1
       405    424654    424660         0         1
       406    417658    4176b4         0         1
       407    40465c    421c10         0         1
       409    424664    4245f0         0         1
       410    401668    400200         0         1
       411    40466c    421c10         0         1
       413    404674    422260         0         1
       414    402678    400200         0         1
       417    408684    4086b0         0         1
       418    419688    4197c0         0         1
       422    400698    400664         1         1
       423    40469c    4045d4         1         1
       426    4246a8    4246bc         0         1
       427    4226ac    400288         0         1
       430    4026b8    400200         0         1
       431    4046bc    421c10         0         1
       432    4176c0    4064a8         0         1
       433    4006c4    400200         0         1
       435    4046cc    421c10         0         1
       436    4136d0    4148ec         0         1
       438    4086d8    40878c         0         1
       439    4156dc    4156ec         0         1
       443    4206ec    4206f8         0         1
       444    4036f0    421c10         0         1
       445    4246f4    424730         0         1
       446    4026f8    400200         0         1
       448    403700    421c10         0         1
       450    404708    421c10         0         1
       452    403710    421c10         0         1
       454    417718    41830c         0         1
       455    40471c    421c10         0         1
       456    403720    421c10         0         1
       457    404724    422260         0         1
       458    401728    400200         0         1
       459    40272c    4026f8         1         1
       460    403730    421c10         0         1
       461    424734    424760         0         1
       462    402738    400200         0         1
       464    403740    421c10         0         1
       465    405744    4159b0         0         1
       467    41874c    41f860         0         1
       468    403750    421c10         0         1
       470    420758    42080c         0         1
       471    40175c    401728         1         1
       472    403760    421c10         0         1
       473    424764    424770         0         1
       474    403768    422260         0         1
       475    40276c    402738         1         1
       476    402770    400200         0         1
       477    407774    407794         0         1
       478    424778    424780         0         1
       480    422780    4227b8         0         1
       481    424784    4247c8         0         1
       482    402788    400200         0         1
       483    40578c    405858         0         1
       484    406790    4069c8         0         1
       486    403798    4036d8         1         1
       487    40179c    401768         1         1
       489    4077a4    4077b4         1         1
       490    4187a8    4187bc         0         1
       491    4027ac    402784         1         1
       494    4007b8    400200         0         1
       495    4027bc    400200         0         1
       496    4077c0    4077dc         0         1
       498    4087c8    4087fc         0         1
       499    4227cc    4227ec         0         1
       503    4157dc    4157ec         0         1
       507    4027ec    400200         0         1
       509    4197f4    419814         1         1
       510    4217f8    421a90         0         1
       511    4037fc    422260         0         1
       516    422810    422854         0         1
       517    420814    420ce0         0         1
       518    421818    4219b4         0         1
       519    42481c    424828         0         1
       520    421820    42196c         0         1
       521    404824    404830         0         1
       522    407828    40785c         0         1
       523    42482c    42483c         0         1
       526    403838    4206c0         0         1
       530    419848    4198d0         0         1
       531    40484c    404858         0         1
       532    424850    424868         0         1
       535    40185c    401828         1         1
       536    403860    421c10         0         1
       538    401868    400200         0         1
       539    40286c    400200         0         1
       540    421870    421af4         0         1
       541    424874    423c7c         0         1
       542    421878    421880         0         1
       545    422884    426b9c         0         1
       546    405888    40598c         0         1
       547    40088c    400200         0         1
       548    421890    4219b4         0         1
       550    421898    42196c         0         1
       551    40389c    4206c0         0         1
       552    4028a0    40286c         1         1
       553    4208a4    422110         0         1
       554    4018a8    400200         0         1
       555    4028ac    400200         0         1
       556    4038b0    421c10         0         1
       560    4048c0    4206c0         0         1
       561    4038c4    421c10         0         1
       562    4228c8    4228f0         0         1
       566    4038d8    421c10         0         1
       567    4158dc    4158ec         0         1
       571    4038ec    421c10         0         1
       573    4038f4    422260         0         1
       575    4008fc    400200         0         1
       576    420900    420940         0         1
       577    422904    422a9c         0         1
       578    404908    421c10         0         1
       579    41490c    404df4         0         1
       581    404914    4048fc         1         1
       582    420918    42092c         0         1
       583    42b91c    42dc6c         0         1
       584    402920    4028ec         1         1
       586    403928    421c10         0         1
       587    42192c    4219b4         0         1
       588    419930    419964         0         1
       589    421934    42196c         0         1
       590    408938    408d90         0         1
       591    40393c    421c10         0         1
       592    41f940    41f8b0         1         1
       593    404944    404958         0         1
       594    41f948    418750         0         1
       596    41f950    4201a8         0         1
       598    420958    420960         0         1
       599    40195c    401928         1         1
       600    402960    40292c         1         1
       601    403964    421c10         0         1
       602    401968    400200         0         1
       603    40396c    422260         0         1
       604    420970    400224         0         1
       605    421974    42199c         0         1
       608    419980    4083a4         0         1
       610    41f988    420180         0         1
       611    40798c    4079a4         0         1
       613    420994    4209b0         0         1
       615    40499c    4049ac         0         1
       616    4099a0    409a58         0         1
       617    4249a4    423c60         0         1
       618    4159a8    404e4c         0         1
       619    4029ac    400200         0         1
       620    4189b0    418b40         0         1
       621    41f9b4    420180         0         1
       622    4209b8    4230a8         0         1
       623    4079bc    40795c         3         1
       624    4009c0    400200         0         1
       625    4079c4    407ad4         0         1
       627    4209cc    42b1f0         0         1
       629    4219d4    421a5c         0         1
       630    4209d8    420a24         0         1
       631    4059dc    4059ec         0         1
       635    4029ec    400200         0         1
       638    41f9f8    419a58         0         1
       639    4039fc    4206c0         0         1
       644    403a10    421c10         0         1
       645    415a14    415a24         0         1
       646    403a18    422260         0         1
       647    401a1c    400200         1         1
       648    402a20    4029ec         1         1
       649    403a24    4206c0         0         1
       650    423a28    423a8c         0         1
       651    405a2c    4052d8         2         1
       652    400a30    400200         0         1
       654    403a38    421c10         0         1
       655    42ea3c    42ea48         0         1
       656    402a40    400200         0         1
       658    405a48    405174         0         1
       659    423a4c    420c3c         0         1
       661    419a54    41f954         0         1
       662    420a58    42b0c0         0         1
       663    402a5c    400200         0         1
       664    403a60    421c10         0         1
       666    403a68    422260         0         1
       668    423a70    423a80         2         1
       669    420a74    42b1f0         0         1
       670    419a78    419ac8         0         1
       673    420a84    420af0         0         1
       674    403a88    421c10         0         1
       675    421a8c    420d94         0         1
       677    402a94    400200         0         1
       678    423a98    423b7c         0         1
       679    403a9c    421c10         0         1
       680    400aa0    400200         0         1
       681    409aa4    4096b8         1         1
       682    405aa8    400298         0         1
       683    400aac    400200         0         1
       684    409ab0    409fbc         0         1
       685    405ab4    416fb8         0         1
       686    403ab8    422260         0         1
       689    419ac4    419b7c         0         1
       691    421acc    421ad8         0         1
       692    422ad0    422b04         3         1
       694    403ad8    421c10         0         1
       695    421adc    421af4         0         1
       696    401ae0    400200         0         1
       698    406ae8    406a7c         3         1
       699    403aec    421c10         0         1
       700    421af0    42190c         0         1
       701    406af4    406a08         1         1
       703    401afc    400200         0         1
       704    422b00    422b20         0         1
       705    402b04    400200         0         1
       706    403b08    422260         0         1
       707    400b0c    400200         0         1
       708    407b10    4072c0         1         1
       709    422b14    42ad50         0         1
       710    405b18    405b20         0         1
       712    420b20    420b48         0         1
       713    400b24    400200         0         1
       714    422b28    422ab8         1         1
       715    419b2c    419b7c         0         1
       716    421b30    421b44         0         1
       717    401b34    400200         0         1
       719    402b3c    400200         0         1
       720    422b40    422c2c         0         1
       722    421b48    421b84         3         1
       723    426b4c    4260b0         0         1
       724    421b50    421b84         2         1
       726    426b58    426b6c         0         1
       728    420b60    420b70         0         1
       729    400b64    400200         0         1
       730    405b68    405b7c         0         1
       731    403b6c    4206c0         0         1
       732    407b70    406ec0         0         1
       733    402b74    400200         0         1
       736    421b80    421b1c         0         1
       738    426b88    426ba4         2         1
       739    420b8c    420948         0         1
       740    402b90    400200         0         1
       741    403b94    421c10         0         1
       742    426b98    422748         0         1
       744    426ba0    426bdc         0         1
       745    401ba4    400200         0         1
       746    403ba8    421c10         0         1
       747    402bac    400200         0         1
       748    426bb0    426bd0         0         1
       749    421bb4    421bc8         0         1
       751    406bbc    406b88         1         1
       752    421bc0    421bd0         0         1
       754    402bc8    400200         0         1
       756    403bd0    421c10         0         1
       757    426bd4    426bec         0         1
       759    404bdc    404be8         0         1
       760    420be0    420be8         0         1
       761    426be4    426b84         0         1
       762    423be8    423c98         0         1
       763    403bec    422260         0         1
       765    401bf4    401bc0         1         1
       767    426bfc    4265c4         0         1
       768    405c00    405c0c         0         1
       770    405c08    405c6c         0         1
       771    421c0c    422270         0         1
       774    419c18    419c6c         0         1
       775    420c1c    420bf0         1         1
       776    400c20    400bec         1         1
       778    405c28    405c3c         0         1
       779    400c2c    400200         0         1
       781    402c34    402c00         1         1
       782    420c38    423e7c         0         1
       784    402c40    400200         0         1
       786    405c48    405c54         0         1
       788    405c50    405c6c         0         1
       791    423c5c    4248ec         0         1
       792    400c60    400c2c         1         1
       793    423c64    423c98         0         1
       794    405c68    405c90         0         1
       795    400c6c    400200         0         1
       796    418c70    407f80         0         1
       797    421c74    422138         0         1
       798    428c78    428ca0         0         1
       800    423c80    423c98         0         1
       801    418c84    418f80         0         1
       802    405c88    405b9c         0         1
       803    422c8c    422c9c         0         1
       804    406c90    406c40         1         1
       805    42bc94    42bc9c         0         1
       807    420c9c    421dc0         0         1
       808    42dca0    42b2f0         0         1
       809    421ca4    421f0c         0         1
       810    42bca8    4230ec         0         1
       811    42dcac    42dcd4         0         1
       812    403cb0    4206c0         0         1
       813    402cb4    402c80         1         1
       814    419cb8    4191a4         0         1
       815    416cbc    416cc8         0         1
       816    420cc0    420cc8         0         1
       818    422cc8    422cd8         0         1
       820    403cd0    421c10         0         1
       821    420cd4    422004         0         1
       824    416ce0    416d94         0         1
       825    422ce4    422cfc         0         1
       827    400cec    400200         0         1
       828    403cf0    421c10         0         1
       829    402cf4    402cc0         1         1
       830    422cf8    4228ac         0         1
       831    42dcfc    42defc         0         1
       832    420d00    420d10         0         1
       835    422d0c    422d14         0         1
       836    403d10    421c10         0         1
       837    42ad14    42dba0         0         1
       838    403d18    422260         0         1
       839    420d1c    420818         0         1
       840    422d20    421fd4         0         1
       843    400d2c    400200         0         1
       845    402d34    402d00         1         1
       846    420d38    420d50         0         1
       847    421d3c    423d04         0         1
       848    402d40    400200         0         1
       849    406d44    406eb8         0         1
       851    403d4c    403d80         0         1
       852    401d50    400200         0         1
       854    421d58    421c58         0         1
       855    428d5c    413030         0         1
       856    400d60    400d2c         1         1
       858    401d68    400200         0         1
       859    400d6c    400200         0         1
       861    402d74    402d40         1         1
       862    420d78    420d80         0         1
       863    42ad7c    42adc8         0         1
       864    402d80    400200         0         1
       867    421d8c    421da8         0         1
       868    420d90    4219b4         0         1
       870    401d98    400200         0         1
       871    408d9c    40806c         1         1
       872    400da0    400d6c         1         1
       873    420da4    420df0         0         1
       875    421dac    421dcc         1         1
       876    420db0    420dbc         0         1
       877    402db4    402d80         1         1
       879    408dbc    409348         0         1
       880    423dc0    423e0c         0         1
       881    421dc4    4220f4         0         1
       882    416dc8    404ec4         0         1
       884    42add0    42adec         0         1
       885    401dd4    400200         0         1
       888    401de0    400200         0         1
       890    421de8    423a10         0         1
       891    420dec    420fbc         0         1
       892    416df0    416e0c         0         1
       893    402df4    402dc0         1         1
       894    416df8    416e2c         0         1
       895    414dfc    414e0c         0         1
       897    42ae04    42ae80         0         1
       899    414e0c    414e1c         0         1
       900    42ae10    42ae28         0         1
       903    414e1c    414e2c         0         1
       905    42de24    42de60         0         1
       907    414e2c    414e3c         0         1
       911    414e3c    414e4c         0         1
       913    42ae44    42ae68         0         1
       915    414e4c    414e5c         0         1
       919    414e5c    414e6c         0         1
       923    414e6c    414e7c         0         1
       926    42ae78    42adfc         0         1
       927    414e7c    414e8c         0         1
       929    42ae84    42af10         0         1
       931    414e8c    414e9c         0         1
       936    425ea0    425e6c         0         1
       938    42dea8    42deb8         0         1
       939    423eac    423ec0         0         1
       941    405eb4    405e9c         3         1
       943    406ebc    407170         0         1
       944    404ec0    4159b0         0         1
       945    42dec4    42ded4         1         1
       947    420ecc    420efc         0         1
       948    42ded0    42df08         0         1
       951    425edc    425f14         0         1
       952    420ee0    4219b4         0         1
       953    42dee4    42def4         0         1
       954    423ee8    423ef4         0         1
       955    420eec    420efc         0         1
       957    420ef4    420e2c         0         1
       958    42def8    42dc50         0         1
       960    42df00    42debc         0         1
       961    423f04    423f28         2         1
       962    421f08    421c58         0         1
       963    406f0c    406ef0         1         1
       965    420f14    420da8         0         1
       966    406f18    407f9c         0         1
       968    42af20    42af3c         0         1
       969    423f24    423f4c         0         1
       971    404f2c    4159b0         0         1
       973    420f34    420f44         0         1
       974    416f38    40a018         0         1
       975    421f3c    421c58         0         1
       976    402f40    400200         0         1
       978    420f48    420fcc         0         1
       980    420f50    420f64         3         1
       981    423f54    423efc         0         1
       983    420f5c    420fc0         0         1
       984    405f60    405de4         1         1
       986    420f68    42155c         0         1
       987    423f6c    423f7c         0         1
       988    420f70    420f84         3         1
       989    406f74    406ff4         0         1
       990    401f78    400200         0         1
       991    420f7c    420fc0         0         1
       992    407f80    418c74         0         1
       993    407f84    4194a0         0         1
       994    420f88    421af4         0         1
       995    403f8c    403f58         1         1
       997    404f94    4159b0         0         1
       999    418f9c    408128         0         1
      1000    420fa0    4219b4         0         1
      1001    400fa4    400200         0         1
      1002    420fa8    420fb4         0         1
      1003    421fac    421c58         0         1
      1004    401fb0    400200         0         1
      1005    416fb4    405ab4         0         1
      1006    420fb8    420d20         0         1
      1008    421fc0    421fdc         3         1
      1009    416fc4    416fd0         0         1
      1010    420fc8    420e4c         0         1
      1011    42dfcc    42dfd8         0         1
      1012    421fd0    420c98         0         1
      1014    421fd8    4220f4         0         1
      1015    425fdc    42230c         0         1
      1017    420fe4    421320         0         1
      1018    421fe8    421ff4         0         1
      1019    420fec    42154c         0         1
      1020    406ff0    407120         0         1
      1021    402ff4    402fc0         1         1
      1022    406ff8    418350         0         1
      1023    42dffc    42b4f4         0         1
****************************************************************************

Total Hits: 124296
Total Number of Right Predictions: 100067
Number of Misses: 5834

Percent Hit: 95.31% 
Percent Miss: 4.69% 
Percent Right: 84.47% 
Percent Wrong: 15.53%